10 28 17
9 1 29 18 15 8 19 23 11 10 4 24
17 2 3 29 9 8
17 29 1 18 3
9 3 17
2 29 1 15 8
23 11 10
1 8 3
15 28 9
16 8 13 29 19
1 9 4
16 15 12 4 10 19
4 19 10
15 9 17
29 15 19
9 28 3
15 29 9 19 17
29 1 9 19 4 2
18 17 29
29 1 3 17 9
15 16 17
1 29 3
3 4 7 9 29
9 3 1 15 18
8 1 9 11
11 12 24 4
19 8 16
8 16 23 29 9 19
29 1 24
3 28 19 8 16 29 1
15 19 10 23
9 29 3 1
29 9 3
8 15 18 13
8 1 29
12 1 29 9 17 23 11 10 8 15 18 3
15 19 9 29
15 4 2
12 9 3
8 18 15 1 3 9 19
1 16 3
29 1 9 19 8 15
17 9 29
18 8 15
23 9 8
1 29 9 19 4
3 1 9
18 16 29 9 8
23 11 4 2
9 12 18 19
15 16 9
19 29 16
8 16 29 9
19 8 9
9 19 23
19 13 28 17
28 22 12 14
19 8 16
29 15 18
18 15 29
8 15 18
29 9 4
8 23 15
1 9 19 23
29 4 24
29 3 1
19 8 15
8 15 4 9
24 2 4
15 16 29 19 4
15 16 9
4 24 9
3 9 11
28 18 16
18 15 16
1 2 3 6 10 11 17 18 19 20 23 29
29 28 4 3
9 1 29
29 2 9
10 16 29 2 23
8 19 18 28
19 4 24 13 1 29 28
23 19 11 24 10 3
2 4 17
10 11 23
10 11 29 9
28 19 9
29 3 9 17
29 1 3
18 15 8
4 2 9 1
22 18 8 15
13 3 29 9 8
15 28 3 17
13 28 8
13 3 17 9 29
3 29 17 28 9
3 28 10 23 8 19
1 17 3
18 16 29
4 2 15
29 4 2 8
9 3 1
19 9 8 1
9 1 19 15
19 15 18
1 2 11 23
1 23 11 10 2
17 3 29 19
29 1 18 15 9
8 3 13 1
19 15 29 1 9
19 22 8
11 10 19
8 19 23 11
9 29 4 24
9 16 8 15 29 19
18 15 12 8
1 29 9 2 4 10 11
10 1 8 11 9
1 2 4 29 9 19
9 29 16 15 18 8
8 19 17 28 13
2 11 23
1 29 18
15 16 8 9 17 29 1 12
15 29 17
9 29 15
9 29 17
3 9 17 15
18 1 3
18 15 23 19 8 9
8 15 18
28 9 16 15
28 13 17 15
17 3 29
29 3 28
8 9 4
3 1 9 19 10
28 17 29 9
18 19 3
9 23 11 10
29 9 19
9 19 18
9 29 15
18 16 29
9 29 15 16 3
3 1 15
19 16 18 23 11 9 8
9 23 4 2
3 28 19 11
19 9 29 1
4 2 19
3 17 28
29 12 13
8 9 1 29
9 3 22
29 1 3 9 2 4 11 10 8
10 9 3
1 29 9 8
19 9 29 8 16 1 11 2 4 23 10 15
1 29 17 3
23 11 9 3
3 17 2 1 29
29 1 8
28 3 11 23
3 28 19
9 3 1
9 17 20
1 3 15 16
2 16 10
4 24 8
15 19 8
9 18 29 17 19 3
23 19 9 17 29 3 10 11
17 29 1
8 16 29 9 17 3 28
17 9 4
2 9 17
29 8 15 16
15 19 28
13 15 8 28
8 15 18 29 9 4
23 17 9 29 1 4 2
18 19 3
1 29 9 19 3 15 18
4 18 1
1 9 29 15
15 12 19 9
9 13 12 20
9 28 3 29
18 1 15
17 18 9 29
4 29 9
9 16 15
1 2 29
15 19 10 8 9
29 4 24 8
12 18 15
12 1 29 3
23 11 10
29 16 8 28 1 18
4 2 9 29 1 12 18 15 16
29 1 18 9
8 16 29 9 17 3 28
18 19 3
19 29 8
8 15 16
1 4 24
3 9 8
8 22 1 29 9
9 1 17 19
8 19 4
23 29 2 9
9 8 1
29 1 15 19 8
9 29 1
3 29 15 16
19 15 22
29 1 18
29 15 28
9 1 29
15 9 27 17
2 4 11 23 10
15 29 1 19
19 4 2 24 7 3 17
29 1 18 16 8
1 15 8 19
8 19 9 29
29 1 3
23 10 11 4 2
3 29 9
3 9 23
19 8 3
9 3 19
4 9 29 18
9 29 3
19 23 3
29 1 9 28
15 8 19
1 15 8
8 9 29 16
15 9 23
1 9 3
15 18 22 29 9 4
2 4 9 15
8 9 17 15 16
9 29 4 3 8
3 17 28 9
15 8 16 9
9 4 2
8 9 11
1 9 29 15 3
4 11 7 24 8 18
19 9 29
29 19 10
23 11 10 19 8
8 29 1
9 8 17 29 16
1 29 9
9 18 15 16 8 29
9 29 1
23 10 29 9 17 2 1
19 10 9 29 8 3 17 1
29 1 9 3
19 8 15 18 22
15 16 9
9 1 3
29 9 8
28 29 9
1 9 19
15 29 1 16 9 11 8
9 29 18 1
9 1 18 8
9 1 29 15 18 8
8 15 12
1 3 15 9
1 15 29
1 9 15
8 18 1 3 29 23 4 24 2 19
19 15 12 1
4 9 29
29 9 23 3 19
29 1 16
11 8 1 2 16
9 29 19 1 8 15
4 2 9 19
8 17 29 4 19
1 3 9
3 8 15 1
2 4 10 8
9 29 1 3
9 16 19 11 10
2 4 11 10
9 18 15
8 19 29
4 28 24
3 8 29
17 3 19
29 8 19
9 4 2
23 1 18 2 10 4
24 3 4
19 1 8
9 8 29 16 15 19
8 16 29 1
19 9 17 8 16
19 8 9 29 16 15
15 4 19
29 9 4 2
9 4 2
22 29 15
18 1 9
23 11 10 8 16
3 8 28
9 15 18
29 9 28
29 14 1
9 29 8
29 1 3 15 16 19
4 2 9 29 8 15
1 29 8 9
11 29 1 9 17 8
3 10 11 1 9
9 17 19
19 8 16 29 1 9
11 10 19 16
1 8 10 29 18
8 10 4 29 1
8 1 29
10 2 4 1 8
1 29 9
1 3 24
19 8 9 29
1 29 18
18 15 12 19
29 17 9
9 29 1
1 18 19
1 29 3 9 17 11 2 19
11 9 29 17
1 29 9 2
9 3 17 16
1 29 9 15
9 29 8
3 17 9
9 29 8 23
9 17 29
1 29 9 19 8 15 16
3 29 16
1 29 9 19 23 10 11 8 16 15 18 4 24
9 29 16
8 16 29
29 18 15
29 1 3
3 13 8
2 4 23
11 10 23
8 15 17
18 2 7 8 19 16 15 9
29 1 8
3 29 16 15
11 10 2
1 29 9
24 19 8
29 11 10
29 9 4
9 17 3 15
3 1 4 15
17 9 29 4
9 28 8
1 4 2
29 1 14 16 15
3 13 18
9 28 29 19
1 29 9
1 29 9 4 2 7
19 11 10 8 22 18 15
19 9 17 29 4 2 8 15
16 1 23 10
9 29 15 18
9 16 18
17 9 1
13 28 3
17 9 16 15
9 15 16
9 29 28
13 28 3
17 9 8
9 29 15 12
17 9 29
28 3 17 14
9 16 15
17 9 15
17 9 29 1 12
28 8 15
29 8 15 16
8 19 15 16
15 16 9 28
9 15 18 14
9 15 22
17 9 29 1 12 14
17 9 29 3
19 8 15
9 12 14
8 19 18
15 16 8
9 12 1
9 15 18
8 29 16 19 23 11 4
8 11 17 1 3
18 28 29
1 29 9
29 1 3
8 9 29 16 1 17 4 2 3 19
19 17 9 8 29
9 17 29 3 15 8 19
9 19 14
19 23 13 3 15 14 18
3 12 29 17
3 15 16 9
9 29 1 12
8 9 16 11
2 24 9 29 16 15 8 19
19 8 15 18 29
1 9 4 2
15 9 29
29 15 8
2 29 9
9 29 19 8 18
8 15 18 17
29 9 19
3 4 7 23 10 11
9 4 2 8 18
8 16 15
8 15 29 1 9
16 4 2 17 9 1
10 11 23
1 29 2 4 23
1 11 15 18
9 3 29
23 11 19 4 2
1 24 7
1 17 9
29 9 19 23 11 10 7 2 16 15
19 29 1
9 29 3 15
23 10 11
8 19 1
23 3 29 1 9 4
1 16 8 29
29 8 16
8 16 19 15 29
10 11 23 19 9 17 3
18 15 8 1 29 4 2 19
7 23 11 15
9 17 29 8 10
28 9 1 16 8 15 29 19 10 2 4 11 23
10 19 9
29 1 18 9
18 29 9 4 10 3
29 9 17 3 28 15 22 18
10 23 13
29 28 3
1 29 9 4 23 19 2 17 18
17 28 29 1 16 3 4
9 29 1 15
28 22 19 29 9
15 19 9 29 1
29 1 9 17 19 16 3 13
29 1 9 8 4 19
1 29 2 15
18 17 24 4 19
15 8 9
1 29 3 9 23 11
15 1 29 9
13 9 29
29 3 9
9 1 14
15 9 12
9 23 15
9 19 15
18 17 15 3
3 19 18
4 24 9 18
24 4 11 23 15
15 29 9
3 9 1 11
9 17 3
29 9 17 3
9 7 4 11 23 10
19 23 11 10 29 16 15
29 1 19
4 24 2 19 18 15 8
18 3 4 24 19 8 29 16
29 9 1
3 17 15
15 22 16 29 9 1
24 1 8
19 9 28
8 11 12
8 15 16 29 9
29 1 9
4 2 24 23 19 10 11 8
15 8 19
19 8 9 18 15
3 9 29 10
1 9 15
9 29 19
1 29 19
29 17 9
18 29 8 12 1 9
15 9 29
1 15 8 29 19
8 1 12 29 3 28 17 4 2 19
19 8 1 15
15 19 22 8 27 1 29 3 2 10 9 17
15 8 29
18 15 8
19 8 16
11 9 17
8 11 1 29 3
15 19 29
10 11 4 9 29 1 17
23 19 1
1 29 9 3
29 3 9 17
4 11 24 10
17 3 13 28
8 9 29 1 23 2 4
1 19 8
19 8 16 15 1 9
9 24 20
9 11 10
29 8 16
4 2 24
15 8 4
8 15 1
