40 17 14 
40 2 9 32 
16 41 22 
23 40 3 
41 36 55 71 81 50 
82 50 15 70 69 48 40 84 
41 22 21 84 
71 67 81 27 
9 44 81 
78 6 23 45 71 
50 9 11 40 
2 32 15 
2 4 50 82 71 
71 81 0 
21 19 44 
17 13 18 23 9 
74 34 76 
46 25 45 71 32 23 8 
2 82 75 
9 22 19 
32 18 8 
44 31 43 
71 70 9 
41 9 35 82 81 71 
50 70 35 
44 50 82 71 15 32 84 41 9 
12 20 82 75 49 34 74 31 81 44 
73 38 69 48 51 40 39 2 
85 1 42 21 19 71 31 69 3 61 34 15 25 
82 71 26 
71 22 84 
15 82 0 31 81 44 13 
4 36 41 84 70 17 15 82 81 
15 50 71 
81 74 76 45 
45 25 85 
35 32 78 
71 48 41 
72 6 57 
82 50 71 
35 68 63 
76 81 71 68 
39 35 78 
71 67 81 
84 4 70 50 
71 50 15 17 13 35 31 81 
32 21 48 40 2 51 
49 17 18 23 
44 45 71 82 0 
71 51 41 
27 25 45 81 50 35 9 
26 81 44 45 
71 44 75 81 
35 9 71 
45 44 0 
22 9 23 41 
17 15 13 
71 82 50 81 44 45 
81 82 45 44 0 25 15 
82 71 8 18 23 9 13 17 15 
9 15 50 35 
40 37 36 
4 84 50 14 35 
23 9 8 13 
35 31 81 
31 0 40 
23 17 50 35 
35 45 71 68 50 0 
19 2 40 35 8 17 14 42 38 84 4 
22 18 8 32 84 16 
73 38 19 
67 74 76 49 22 
81 82 50 17 2 
41 22 9 
41 84 22 26 
82 81 13 44 25 
24 23 21 48 82 
46 78 35 50 71 
85 59 82 8 66 25 
35 70 18 14 
9 35 32 
31 71 50 32 
26 15 41 71 
84 41 32 22 
31 0 44 81 70 35 9 23 
22 9 40 
50 13 8 0 44 84 41 22 
82 71 50 15 
42 71 13 50 
32 17 57 
50 68 63 
27 35 69 36 
32 41 36 24 
18 71 8 14 
44 31 71 
60 55 69 10 
17 71 36 
82 44 45 
27 82 35 13 
19 21 16 84 41 35 70 71 81 44 0 74 
71 35 18 81 44 17 9 
4 71 81 44 31 
9 32 15 50 68 
71 8 23 31 20 
71 50 82 15 8 32 13 70 51 
32 9 2 63 68 81 27 
50 62 76 41 
27 71 82 
26 81 45 
18 35 32 
16 84 35 32 
50 71 2 
23 32 35 50 70 
35 13 17 8 14 51 39 78 57 85 1 27 25 71 
40 70 50 
71 32 45 25 
35 70 50 
35 40 8 
14 35 40 
35 39 40 
40 39 2 35 14 
70 50 13 
21 76 27 
81 44 0 25 
78 71 15 81 
41 45 84 
35 41 32 50 
31 9 37 50 
71 82 45 
41 84 32 21 
51 72 69 48 3 24 41 35 70 50 71 81 25 45 44 0 31 43 
2 40 75 34 49 71 35 
32 42 9 
32 39 70 
78 39 72 
71 40 35 45 
84 9 23 32 
32 41 71 
23 50 26 
26 45 82 71 
9 50 71 
31 75 44 
85 82 63 
44 82 22 15 81 
84 44 15 
45 13 50 35 8 18 9 70 71 31 25 
81 44 62 
23 85 32 
71 35 26 
71 81 74 
44 80 71 35 
82 71 50 21 32 45 72 
19 55 68 
9 82 25 85 
41 9 40 
26 82 81 
22 26 49 
71 81 17 
81 67 68 
2 40 71 
41 9 2 
23 9 35 82 50 71 15 61 
29 31 44 
71 50 82 17 15 13 42 
82 9 70 50 
9 70 50 
37 36 22 
48 1 53 
41 84 9 35 70 50 71 82 
45 50 35 2 22 9 71 72 68 34 82 
35 9 22 41 
44 50 82 
31 75 81 32 
42 35 70 
85 82 15 
71 81 44 45 15 
85 53 1 46 25 
81 44 45 29 43 49 67 68 
71 9 32 23 18 8 
1 70 39 2 40 
71 81 82 45 25 
48 2 67 
19 84 22 
82 66 58 25 
71 45 81 68 50 
81 71 9 
38 19 35 
32 71 22 84 
84 36 22 
39 50 2 41 
37 82 71 68 62 52 
14 3 26 
35 82 0 81 
25 27 50 44 68 
14 13 71 9 39 40 2 
15 35 71 
55 63 56 
51 42 73 
70 81 13 
15 14 85 
40 39 51 
44 50 68 71 81 
50 81 75 
82 84 41 
11 70 35 40 9 
71 68 52 
41 68 67 
23 9 18 
57 68 82 
21 84 41 71 81 44 45 73 
47 53 44 81 71 50 73 
39 78 41 
9 13 17 41 36 35 71 68 0 44 
45 82 84 1 71 50 70 13 9 
71 50 82 
40 71 68 57 
5 29 31 85 35 
35 84 26 
9 82 32 71 
82 32 17 
69 82 3 2 
71 25 82 
81 0 78 
82 71 70 
0 31 71 
9 35 71 
22 9 18 50 
71 50 70 
9 32 18 
19 35 32 
32 14 68 
2 48 47 
81 43 72 35 
22 21 49 
35 70 17 
24 84 4 
45 25 82 71 35 
17 8 85 
50 71 31 49 33 
31 81 50 
44 0 71 
73 38 9 32 
45 82 71 
35 82 71 68 57 79 41 
2 70 50 15 13 32 49 
81 44 45 25 46 72 
39 70 50 
81 50 45 
25 27 81 71 
32 9 23 
71 50 37 
23 82 74 
9 8 13 
75 67 81 71 50 82 9 36 
71 81 45 32 50 
71 82 81 45 
71 2 40 
17 9 39 40 82 
71 69 48 84 41 19 
81 82 67 63 0 44 
63 55 56 
84 68 25 82 71 
75 43 49 31 81 82 
0 31 22 
9 22 81 
71 82 50 70 35 
32 31 23 18 35 
14 17 13 35 81 71 44 31 50 15 
14 50 71 81 82 
50 35 40 2 51 
85 46 44 
84 9 35 70 15 17 
56 63 55 
9 35 44 75 
35 50 82 41 
31 25 16 
70 0 4 
82 50 71 
31 85 27 25 36 
3 71 48 
7 35 70 50 
40 39 68 51 
18 25 4 
4 25 18 
19 23 32 
71 68 81 
23 82 71 22 3 
84 15 50 
82 17 13 
45 15 82 71 35 70 50 
81 44 45 
50 81 44 
82 35 71 
53 36 40 
71 43 49 81 
8 35 82 50 70 
71 45 50 
41 32 19 73 51 35 50 
68 82 45 44 
41 45 82 8 
45 0 44 25 31 81 82 71 50 
25 51 71 81 0 31 14 
71 17 70 82 
71 22 3 14 81 
28 32 50 
33 49 13 32 
81 44 75 49 
10 78 39 40 26 
32 85 31 26 
40 82 84 
31 23 32 9 
31 37 81 35 
23 8 84 22 31 
24 4 84 9 22 32 18 23 15 36 
48 51 32 
32 47 14 9 18 84 36 4 
39 69 24 85 9 
9 71 81 
1 47 27 81 44 45 82 13 17 0 
32 42 11 
32 71 42 11 
9 71 35 
71 50 15 35 23 9 68 22 41 19 16 
17 14 71 
17 13 11 
18 13 17 32 
72 39 71 
27 71 50 8 
84 9 25 
9 25 82 
34 31 44 25 
36 41 22 
50 71 82 
82 81 44 45 71 68 57 79 6 78 39 35 9 32 42 
32 38 85 80 
85 14 27 
85 32 23 84 
0 31 71 
46 70 35 
71 36 82 21 9 45 
1 53 85 
36 84 16 
71 50 82 
50 81 82 
57 52 81 82 
32 2 5 9 8 35 39 70 
76 49 81 9 
19 32 8 13 0 
67 25 44 
61 15 82 50 71 81 44 45 25 40 21 
16 84 41 
11 35 9 50 44 23 
35 71 50 17 41 
48 19 14 27 
8 18 36 24 
84 22 2 
50 82 81 67 63 35 
14 15 9 
15 17 14 85 38 
5 25 45 63 2 57 71 50 15 
44 31 81 
32 50 71 70 
85 15 80 
31 29 38 
50 82 71 81 84 41 
71 81 45 
40 51 48 85 15 35 
13 70 15 10 81 82 
27 46 25 
84 82 50 
31 50 70 71 49 
72 48 24 
65 84 32 
47 15 85 
32 53 47 
